 n              xn1                  |f(xn1)|
 0  3.000000000000000000e+000  9.8612288668e-002
 1  3.059167373200865700e+000  3.6927457761e-003
 2  3.057106054691599800e+000  4.4761505977e-006
 n              xn1                  |f(xn1)|
 0  4.000000000000000000e+000  2.6137056389e+000
 1  2.419218645889002600e+000  7.0770034137e-001
 2  2.756039712206012700e+000  4.4219871598e-001
 3  3.317022504001124500e+000  5.3548073166e-001
 4  3.009768959371031700e+000  8.2229966821e-002
 5  3.050670709725762400e+000  1.1452530996e-002
 6  3.057289041659919900e+000  3.3152841948e-004
 7  3.057102843928874800e+000  1.2618098428e-006
 n              xn1                  |f(xn1)|
 0  7.500000000000000000e-001  3.3578574439e-001
 1  6.883073383007674000e-001  2.8191174476e-002
 2  6.820481783243208500e-001  3.2235505865e-004
 n              xn1                  |f(xn1)|
 0  1.000000000000000000e+000  1.9999986928e+000
 1  6.000000522871937700e-001  3.0211312115e-001
 2  6.524932595800156900e-001  1.2235355017e-001
 3  6.882228189972141600e-001  2.7810559166e-002
 4  6.816056650677272400e-001  1.6234147759e-003
 5  6.819706305828964200e-001  1.8864164971e-005
 n              xn1                  |f(xn1)|
 0  1.250000000000000000e+000  9.2019375000e-001
 1  1.042046610169490700e+000  5.0881459315e-001
 2  1.095070234545689700e+000  3.9693365667e-002
 3  1.099959957849026400e+000  3.1979795900e-004
 n              xn1                  |f(xn1)|
 0  2.160000000000000100e+000  1.0827264000e-001
 1  2.199400753425041700e+000  1.5956284157e-003
 n              xn1                  |f(xn1)|
 0  3.419999999999999900e+000  3.3285504000e-001
 1  3.303227113772987600e+000  8.6031040762e-003
 2  3.300004664519568200e+000  1.2416977363e-005
 n              xn1                  |f(xn1)|
 0  4.219999999999999800e+000  1.0436774400e+000
 1  4.493744853894647800e+000  8.7113055027e-001
 2  4.412015995526431300e+000  9.7892964605e-002
 3  4.400234056965278900e+000  1.8699081665e-003
 n              xn1                  |f(xn1)|
 0  1.570796000000000100e+000  4.6740007362e-001
 1  1.422017904812591800e+000  2.2134921608e-002
 2  1.414234978334422600e+000  6.0573944565e-005
