100
0.151514999999213
0.949494999997531
0.141414000002355
0.909090999995519
0.696969999999525
0.303030000000140
0.424242000000308
0.070707000002739
0.969696999994817
0.686868999999978
0.151515000003365
0.878787999997905
0.828282999995314
0.585859000001429
0.191919000001216
0.181817999998917
0.818181999999530
0.474746999998400
0.161615999997616
0.505050999997170
0.737373999997912
0.404039999999990
0.282827999998060
0.575757999999259
0.686868999999298
0.757576000000155
0.727272999998089
0.474746999998422
0.121212000003774
0.373736999994936
0.838383999997186
0.040403999999403
0.515152000006477
0.666667000000305
0.424242000000065
0.101010000005338
0.949494999997357
0.919191999999699
0.555556000000261
0.343434000001441
0.474746999995841
0.373737000000123
0.848484999998553
0.323231999995265
0.454544999999396
0.272726999999938
0.979797999999048
0.303029999996352
0.737374000003058
0.565657000005628
0.202019999997141
0.767676999996645
0.838384000000590
0.404039999994248
0.505050999994987
0.888888999999697
0.030303000001286
0.989898999999927
0.575758000002032
0.050505000003170
0.535354000001961
0.191919000003179
0.848484999995739
0.626263000003940
0.656566000003868
0.202019999998486
0.848484999995106
0.121212000003995
0.111111000001715
0.747474999998455
0.313131000000665
0.939393999998886
0.282828000002749
0.333333000001878
0.141414000001405
0.737373999998678
0.838383999997142
0.707071000002950
0.606060999999688
0.747475000001388
0.252525000000965
0.141414000004454
0.000000000002329
0.060606000003365
0.808080999999116
0.858585999995162
0.212121000000251
0.121211999998402
0.555556000002904
0.010101000006535
0.111111000004502
0.454544999998248
0.757575999997551
0.686869000002105
0.545455000003282
0.070707000005286
0.434343000000234
0.202020000001440
0.696970000001915
0.292928999998405
