100
0.146860303781227
0.948943150702900
0.139016961950941
0.906111018438851
0.695385707264598
0.306023842326271
0.431476450133078
0.070152155843258
0.962987909094252
0.683511291487833
0.151000408039654
0.878701222483938
0.825666353471978
0.580651271125685
0.188847856751893
0.181431726589289
0.817313687434613
0.480148612952862
0.157181009323536
0.509719549658278
0.738251904272159
0.404211265744526
0.280295099981218
0.566702536519196
0.684828126058575
0.758543802633690
0.728816035369063
0.480761132684771
0.119582548722212
0.372615832060866
0.831457723939188
0.035856451347276
0.519800117605806
0.663933457641098
0.424732993953420
0.104195523674157
0.954207656795636
0.925546493515312
0.555843961916259
0.348796397457503
0.469698516271867
0.375207800407160
0.843414052385721
0.320471926317641
0.459056179609931
0.277759951929750
0.983844519457172
0.301855696485476
0.739753529563135
0.567663404793570
0.201090351998423
0.766311319247480
0.845219817157589
0.396315458234712
0.499613426252207
0.892377884136372
0.023403599680295
0.992402899974710
0.573014010853317
0.053645361565032
0.534079315101366
0.192827922187541
0.846038186888613
0.626810329274753
0.657647033743013
0.198025715307780
0.838561316135725
0.125719256763540
0.108792313380489
0.747483662971652
0.314697383435118
0.941880034017732
0.289297055963219
0.336539377545430
0.142950595725500
0.739337292591169
0.840346272671420
0.713938166596904
0.601321224188062
0.748142444966479
0.257471485548181
0.146766044220243
0.001307133088566
0.063205199958866
0.811637117842244
0.854513648539032
0.210803585554771
0.111861168491173
0.558524435356229
0.009369446247169
0.115435817450813
0.457497889924204
0.756924173407066
0.692094845286085
0.544628304366269
0.070140260991419
0.433572160843342
0.199234258639861
0.701156938788829
0.294081391894678
