100 5.303030
46.000000 389.000000
51.303032 389.065338
56.606060 389.144470
61.909092 389.236145
67.212120 389.339111
72.515152 389.452240
77.818184 389.574219
83.121216 389.703888
88.424240 389.840027
93.727272 389.981415
99.030304 390.126801
104.333336 390.274994
109.636368 390.424774
114.939400 390.574921
120.242424 390.724213
125.545456 390.871460
130.848480 391.015411
136.151520 391.154846
141.454544 391.288574
146.757584 391.415344
152.060608 391.533966
157.363647 391.643219
162.666672 391.741882
167.969696 391.828705
173.272736 391.902527
178.575760 391.962097
183.878799 392.008698
189.181824 392.034882
194.484848 392.020264
199.787888 391.970703
205.090912 391.892181
210.393951 391.790588
215.696976 391.671875
221.000000 391.541931
226.303040 391.406738
231.606064 391.272156
236.909103 391.144165
242.212128 391.028656
247.515152 390.931580
252.818192 390.858856
258.121216 390.816376
263.424255 390.810089
268.727295 390.845947
274.030304 390.929840
279.333344 391.020477
284.636383 391.071564
289.939392 391.128845
295.242432 391.192078
300.545471 391.261017
305.848480 391.335449
311.151520 391.415161
316.454559 391.499878
321.757599 391.589417
327.060608 391.683533
332.363647 391.781982
337.666687 391.884552
342.969696 391.991028
348.272736 392.101135
353.575775 392.214691
358.878784 392.331451
364.181824 392.451202
369.484863 392.573669
374.787903 392.698669
380.090912 392.825928
385.393951 392.955261
390.696991 393.086426
396.000000 393.219208
401.303040 393.353333
406.606079 393.488617
411.909119 393.624786
417.212128 393.761658
422.515167 393.898987
427.818207 394.036560
433.121216 394.174103
438.424255 394.311432
443.727295 394.448303
449.030304 394.584473
454.333344 394.719727
459.636383 394.853851
464.939423 394.986572
470.242432 395.117706
475.545471 395.247009
480.848511 395.374237
486.151520 395.499176
491.454559 395.621613
496.757599 395.741302
502.060608 395.858002
507.363647 395.971497
512.666687 396.081543
517.969727 396.187927
523.272766 396.290436
528.575745 396.388824
533.878784 396.482849
539.181824 396.572296
544.484863 396.656921
549.787903 396.736542
555.090942 396.810883
560.393982 396.879730
565.696960 396.942841
571.000000 397.000000
