100 0.010101
0.000000 0.990820
0.010101 0.990986
0.020202 0.991188
0.030303 0.991421
0.040404 0.991684
0.050505 0.991972
0.060606 0.992282
0.070707 0.992613
0.080808 0.992960
0.090909 0.993320
0.101010 0.993690
0.111111 0.994067
0.121212 0.994449
0.131313 0.994831
0.141414 0.995212
0.151515 0.995587
0.161616 0.995953
0.171717 0.996309
0.181818 0.996649
0.191919 0.996972
0.202020 0.997274
0.212121 0.997552
0.222222 0.997804
0.232323 0.998025
0.242424 0.998213
0.252525 0.998365
0.262626 0.998483
0.272727 0.998550
0.282828 0.998513
0.292929 0.998387
0.303030 0.998187
0.313131 0.997928
0.323232 0.997625
0.333333 0.997294
0.343434 0.996950
0.353535 0.996607
0.363636 0.996281
0.373737 0.995987
0.383838 0.995740
0.393939 0.995555
0.404040 0.995446
0.414141 0.995430
0.424242 0.995522
0.434343 0.995735
0.444444 0.995966
0.454545 0.996096
0.464646 0.996242
0.474747 0.996403
0.484849 0.996579
0.494949 0.996769
0.505051 0.996972
0.515152 0.997187
0.525253 0.997415
0.535354 0.997655
0.545455 0.997906
0.555556 0.998167
0.565657 0.998438
0.575758 0.998719
0.585859 0.999008
0.595960 0.999305
0.606061 0.999610
0.616162 0.999922
0.626263 1.000241
0.636364 1.000565
0.646465 1.000894
0.656566 1.001228
0.666667 1.001567
0.676768 1.001908
0.686869 1.002253
0.696970 1.002600
0.707071 1.002948
0.717172 1.003298
0.727273 1.003648
0.737374 1.003999
0.747475 1.004349
0.757576 1.004697
0.767677 1.005044
0.777778 1.005389
0.787879 1.005730
0.797980 1.006068
0.808081 1.006402
0.818182 1.006732
0.828283 1.007056
0.838384 1.007374
0.848485 1.007686
0.858586 1.007991
0.868687 1.008288
0.878788 1.008577
0.888889 1.008857
0.898990 1.009128
0.909091 1.009389
0.919192 1.009640
0.929293 1.009879
0.939394 1.010107
0.949495 1.010323
0.959596 1.010526
0.969697 1.010715
0.979798 1.010890
0.989899 1.011051
1.000000 1.011197
