100
0.000000000007276
0.565657000006468
0.191918999997142
0.808081000002858
0.585859000006167
0.484848999993119
0.353534999994736
0.898989999994228
0.828283000002557
0.747475000003760
0.171716999997443
0.858585999994830
0.717171999996935
0.515151999999944
0.303030000002764
0.010100999999850
0.090908999998646
0.363636000001861
0.151514999997744
0.171716999997443
0.989899000000150
0.444444000000658
0.121212000005471
0.000000000007276
0.010100999999850
0.383838000001560
0.535353999999643
0.575757999999041
0.606061000005866
0.606061000005866
0.171716999997443
0.666667000004963
0.454544999993232
0.353534999994736
0.060606000006374
0.606061000005866
0.787879000003159
0.808081000002858
0.525253000007069
0.303030000002764
0.878787999994529
0.727273000004061
0.959595999993326
0.929293000001053
0.545455000006768
0.141414000005170
0.464646000000357
0.232322999996541
0.858585999994830
0.212120999996841
0.777777999996033
0.848485000002256
0.999999999992724
0.999999999992724
0.616161999998440
0.393938999994134
0.262626000003365
0.303030000002764
0.838383999995131
0.020202000006975
0.373736999994435
0.090908999998646
0.676767999997537
0.060606000006374
0.010100999999850
0.919191999993927
0.272726999995939
0.272726999995939
0.585859000006167
0.696969999997236
0.838383999995131
0.727273000004061
0.484848999993119
0.202020000004268
0.747475000003760
0.474746999992931
0.464646000000357
0.949495000000752
0.747475000003760
0.111110999998346
0.606061000005866
0.383838000001560
0.737373999996635
0.616161999998440
0.575757999999041
0.363636000001861
0.151514999997744
0.222222000003967
0.424242000000959
0.808081000002858
0.515151999999944
0.989899000000150
0.757575999996334
0.343434000002162
0.171716999997443
0.656565999997838
0.494949000007182
0.060606000006374
0.696969999997236
0.505050999992818
